302661.046 4123984.548
302660.846 4123993.046
302662.329 4123984.762
302660.935 4123978.356
302662.628 4123978.616
302661.106 4123973.544
302662.989 4123973.600
302660.991 4123968.651
302663.437 4123968.849
302661.083 4123963.853
302663.600 4123964.093
302661.163 4123958.955
302664.524 4123959.220
302661.331 4123954.044
302665.051 4123954.456
302661.136 4123949.152
302665.619 4123949.546
302661.065 4123944.602
302666.096 4123944.539
302661.114 4123939.905
302666.596 4123940.131
302661.213 4123935.428
302666.812 4123935.696
302661.231 4123931.287
302667.253 4123932.588
302667.474 4123929.885
302661.351 4123927.676
302667.573 4123927.329
302661.326 4123925.134
302667.380 4123924.392
302661.323 4123921.581
302667.285 4123921.841
302661.393 4123919.281
302666.887 4123918.508
302661.272 4123916.031
302666.358 4123914.912
302661.391 4123910.888
302665.858 4123908.729
302661.316 4123907.715
302665.417 4123905.442
302661.469 4123904.036
302665.013 4123901.855
302661.472 4123900.739
302664.724 4123897.865
302661.619 4123894.929
302664.264 4123893.768
302661.388 4123891.892
302663.962 4123889.234
302661.699 4123884.735
302663.339 4123885.041
302661.626 4123881.640
302663.217 4123881.347
302661.410 4123877.748
302662.491 4123877.667
302661.627 4123874.889
