37.2415176  126.7752060  
37.2415941  126.7752015 
37.2415198  126.7752204 
37.2414618  126.7752064 
37.2414645  126.7752254 
37.2414185  126.7752096 
37.2414194  126.7752308 
37.2413744  126.7752096 
37.2413767  126.7752371 
37.2413312  126.7752119 
37.2413339  126.7752402 
37.2412871  126.7752141 
37.2412902  126.7752519 
37.2412429  126.7752173 
37.2412474  126.7752591 
37.2411988  126.7752164 
37.2412033  126.7752668 
37.2411578  126.7752168 
37.2411583  126.7752735 
37.2411155  126.7752186 
37.2411187  126.7752803 
37.2410752  126.7752209 
37.2410788  126.7752839 
37.2410379  126.7752222 
37.2410509  126.7752897 
37.2410266  126.7752929 
37.2410054  126.7752245 
37.2410036  126.7752947 
37.2409825  126.7752249 
37.2409771  126.7752933 
37.2409505  126.7752258 
37.2409541  126.7752929 
37.2409298  126.7752272 
37.2409240  126.7752893 
37.2409005  126.7752267 
37.2408915  126.7752843 
37.2408542  126.7752294 
37.2408357  126.7752803 
37.2408256  126.7752294 
37.2408060  126.7752762 
37.2407925  126.7752321 
37.2407736  126.7752726 
37.2407628  126.7752330 
37.2407376  126.7752704 
37.2407105  126.7752362 
37.2407006  126.7752663 
37.2406831  126.7752344 
37.2406597  126.7752641 
37.2406187  126.7752398 
37.2406218  126.7752582 
37.2405908  126.7752398 
37.2405885  126.7752578 
37.2405557  126.7752384 
37.2405552  126.7752506 
37.2405300  126.7752416   

